hasTransparency=false|useFakeLighting=false|shineDamper=1|reflectivity=0|
Levels Of Detail:
c:0,100,0,-1

v:1.0,-1.0,-1.0,1.0,-1.0,1.0,-1.0,-1.0,1.0,-1.0,-1.0,-1.0,1.0,1.0,-0.999999,0.999999,1.0,1.000001,-1.0,1.0,1.0,-1.0,1.0,-1.0
n:0.0,0.0,-1.0,1.0,-0.0,0.0,-1.0,-0.0,-0.0,0.0,0.0,-1.0,1.0,-0.0,0.0,0.0,-0.0,1.0,-1.0,-0.0,-0.0,0.0,0.0,-1.0
t:1.0,1.0,0.0,0.0,0.0,1.0,1.0,0.0,1.0,1.0,1.0,1.0,1.0,1.0,0.0,0.0
i:1,3,0,7,5,4,4,1,0,5,2,1,2,7,3,0,7,4,1,2,3,7,6,5,4,5,1,5,6,2,2,6,7,0,3,7

BB:0.0,0.0,0.0,0.0,0.0,0.0